# energy [MeV] vs. diff. cs per electron [Mbarn / MeV]
2.05925e-06  0
2.18127e-06  0
2.31052e-06  0
2.44743e-06  0
2.59245e-06  0
2.74606e-06  0
2.90877e-06  0
3.08113e-06  0
3.2637e-06  0
3.45708e-06  0
3.66193e-06  0
3.87891e-06  0
4.10875e-06  0
4.35221e-06  0
4.61009e-06  0
4.88326e-06  0
5.17261e-06  0
5.47911e-06  0
5.80377e-06  0
6.14766e-06  0
6.51193e-06  0
6.89779e-06  0
7.30651e-06  0
7.73945e-06  0
8.19804e-06  0
8.6838e-06  0
9.19835e-06  0
9.74338e-06  0
1.03207e-05  0
1.09323e-05  0
1.158e-05  0
1.22662e-05  0
1.2993e-05  0
1.37629e-05  45.2985
1.45784e-05  147.197
1.54422e-05  223.341
1.63572e-05  352.297
1.73265e-05  441.238
1.83531e-05  547.336
1.94406e-05  626.032
2.05925e-05  642.726
2.18127e-05  1103.27
2.31052e-05  1474.87
2.44743e-05  1476.26
2.59245e-05  1420.93
2.74606e-05  1331.23
2.90877e-05  1215.12
3.08113e-05  1090.71
3.2637e-05  998.729
3.45708e-05  913.467
3.66193e-05  832.554
3.87891e-05  760.395
4.10875e-05  688.516
4.35221e-05  612.521
4.61009e-05  548.837
4.88326e-05  494.672
5.17261e-05  450.623
5.47911e-05  409.797
5.80377e-05  369.583
6.14766e-05  329.402
6.51193e-05  295.093
6.89779e-05  265.814
7.30651e-05  235.782
7.73945e-05  208.169
8.19804e-05  184.138
8.6838e-05  162.461
9.19835e-05  141.967
9.74338e-05  124.173
0.000103207  107.7
0.000109323  91.7566
0.0001158  77.9675
0.000122662  66.1288
0.00012993  56.0954
0.000137629  47.4821
0.000145784  40.1572
0.000154422  34.0066
0.000163572  28.9896
0.000173265  24.7149
0.000183531  20.5542
0.000194406  17.3773
0.000205925  14.7211
0.000218127  12.4428
0.000231052  10.4927
0.000244743  8.8674
0.000259245  7.5116
0.000274606  6.37151
0.000290877  6.04476
0.000308113  5.18275
0.00032637  4.39635
0.000345708  3.73668
0.000366193  3.18243
0.000387891  2.71313
0.000410875  2.49976
0.000435221  2.27001
0.000461009  1.93483
0.000488326  1.65241
0.000517261  1.41418
0.000547911  1.46935
0.000580377  1.3718
0.000614766  1.16795
0.000651193  0.994948
0.000689779  0.849704
0.000730651  0.728523
0.000773945  0.624651
0.000819804  0.535882
0.00086838  0.777288
0.000919835  0.977543
0.000974338  0.819256
0.00103207  0.686724
0.00109323  0.575369
0.001158  0.483132
0.00122662  0.40662
0.0012993  0.342803
0.00137629  0.289617
0.00145784  0.245245
0.00154422  0.207988
0.00163572  0.176741
0.00173265  0.150566
0.00183531  0.1285
0.00194406  0.109936
0.00205925  0.0943007
0.00218127  0.0810485
0.00231052  0.0698184
0.00244743  0.0602801
0.00259245  0.052159
0.00274606  0.0452264
0.00290877  0.0392978
0.00308113  0.034213
0.0032637  0.029841
0.00345708  0.0260739
0.00366193  0.0228199
0.00387891  0.0200027
0.00410875  0.0175587
0.00435221  0.0154348
0.00461009  0.0135852
0.00488326  0.0119716
0.00517261  0.0105612
0.00547911  0.00932651
0.00580377  0.00824379
0.00614766  0.00729295
0.00651193  0.00645675
0.00689779  0.00572042
0.00730651  0.00507126
0.00773945  0.00449839
0.00819804  0.00399227
0.0086838  0.00354475
0.00919835  0.00314871
0.00974338  0.00279797
0.0103207  0.00248713
0.0109323  0.00221148
0.01158  0.00196691
0.0122662  0.0017498
0.012993  0.00155699
0.0137629  0.00138568
0.0145784  0.00123343
0.0154422  0.00109807
0.0163572  0.000977694
0.0173265  0.000870614
0.0183531  0.000775342
0.0194406  0.000690559
0.0205925  0.000615096
0.0218127  0.000547918
0.0231052  0.000488107
0.0244743  0.000434848
0.0259245  0.000387418
0.0274606  0.000345176
0.0290877  0.000307551
0.0308113  0.00027404
0.032637  0.000244191
0.0345708  0.000217596
0.0366193  0.000193901
0.0387891  0.000172787
0.0410875  0.000153974
0.0435221  0.00013721
0.0461009  0.000122273
0.0488326  0.000108962
0.0517261  9.71005e-05
0.0547911  8.65306e-05
0.0580377  7.71115e-05
0.0614766  6.87178e-05
0.0651193  6.12378e-05
0.0689779  5.45721e-05
0.0730651  4.86319e-05
0.0773945  4.33382e-05
0.0819804  3.86207e-05
0.086838  3.44166e-05
0.0919835  3.067e-05
0.0974338  2.73312e-05
0.103207  2.43558e-05
0.109323  2.17042e-05
0.1158  1.93411e-05
0.122662  1.72352e-05
0.12993  1.53586e-05
0.137629  1.36861e-05
0.145784  1.21957e-05
0.154422  1.08675e-05
0.163572  9.68383e-06
0.173265  8.62902e-06
0.183531  7.68902e-06
0.194406  6.85134e-06
