# energy [MeV] vs. diff. cs per electron [Mbarn / MeV]
2.05925e-06  0
2.18127e-06  0
2.31052e-06  0
2.44743e-06  0
2.59245e-06  0
2.74606e-06  0
2.90877e-06  0
3.08113e-06  0
3.2637e-06  0
3.45708e-06  0
3.66193e-06  0
3.87891e-06  0
4.10875e-06  0
4.35221e-06  0
4.61009e-06  0
4.88326e-06  0
5.17261e-06  0
5.47911e-06  0
5.80377e-06  0
6.14766e-06  0
6.51193e-06  0
6.89779e-06  0
7.30651e-06  0
7.73945e-06  0
8.19804e-06  0
8.6838e-06  0
9.19835e-06  0
9.74338e-06  0
1.03207e-05  0
1.09323e-05  0
1.158e-05  0
1.22662e-05  0
1.2993e-05  0
1.37629e-05  97.0286
1.45784e-05  305.29
1.54422e-05  850.83
1.63572e-05  3553.92
1.73265e-05  3697.09
1.83531e-05  3867.97
1.94406e-05  3851.69
2.05925e-05  3660.35
2.18127e-05  3427.06
2.31052e-05  3162.58
2.44743e-05  2897.85
2.59245e-05  2615.76
2.74606e-05  2323.77
2.90877e-05  2017.74
3.08113e-05  1708.38
3.2637e-05  1401.67
3.45708e-05  1135.67
3.66193e-05  886.614
3.87891e-05  620.621
4.10875e-05  433.092
4.35221e-05  333.062
4.61009e-05  276.639
4.88326e-05  238.684
5.17261e-05  206.532
5.47911e-05  180.513
5.80377e-05  159.085
6.14766e-05  141.536
6.51193e-05  126.543
6.89779e-05  112.496
7.30651e-05  100.015
7.73945e-05  88.6495
8.19804e-05  78.3841
8.6838e-05  69.0391
9.19835e-05  60.8906
9.74338e-05  53.6556
0.000103207  46.6684
0.000109323  40.4707
0.0001158  35.1522
0.000122662  30.3141
0.00012993  25.9836
0.000137629  22.3169
0.000145784  19.2847
0.000154422  16.6959
0.000163572  14.4671
0.000173265  12.541
0.000183531  10.8025
0.000194406  9.19936
0.000205925  7.77428
0.000218127  6.59321
0.000231052  5.61982
0.000244743  10.0735
0.000259245  22.8362
0.000274606  18.7751
0.000290877  16.8769
0.000308113  14.7552
0.00032637  13.0777
0.000345708  11.3495
0.000366193  9.42928
0.000387891  7.89144
0.000410875  6.60387
0.000435221  5.5467
0.000461009  4.69932
0.000488326  3.98643
0.000517261  3.38421
0.000547911  3.44955
0.000580377  3.16257
0.000614766  2.64727
0.000651193  2.21197
0.000689779  1.85018
0.000730651  1.55303
0.000773945  1.29984
0.000819804  1.08533
0.00086838  0.907997
0.000919835  0.762423
0.000974338  0.640239
0.00103207  0.53844
0.00109323  0.453486
0.001158  0.382738
0.00122662  0.323813
0.0012993  0.274434
0.00137629  0.233081
0.00145784  0.198485
0.00154422  0.169588
0.00163572  0.145323
0.00173265  0.124821
0.00183531  0.107409
0.00194406  0.092632
0.00205925  0.0800677
0.00218127  0.0693304
0.00231052  0.0601433
0.00244743  0.0522696
0.00259245  0.0455055
0.00274606  0.0396818
0.00290877  0.0346579
0.00308113  0.0303155
0.0032637  0.0451425
0.00345708  0.0424104
0.00366193  0.0361086
0.00387891  0.0307838
0.00410875  0.0262843
0.00435221  0.0224809
0.00461009  0.0192631
0.00488326  0.0165364
0.00517261  0.014225
0.00547911  0.012262
0.00580377  0.0105919
0.00614766  0.0091672
0.00651193  0.00795051
0.00689779  0.00690861
0.00730651  0.00601461
0.00773945  0.0052459
0.00819804  0.00458336
0.0086838  0.00401105
0.00919835  0.00351568
0.00974338  0.00308595
0.0103207  0.00271246
0.0109323  0.00238716
0.01158  0.00210336
0.0122662  0.00185528
0.012993  0.00163806
0.0137629  0.00144762
0.0145784  0.00128037
0.0154422  0.0011333
0.0163572  0.00100382
0.0173265  0.00088969
0.0183531  0.000788981
0.0194406  0.000700029
0.0205925  0.000621396
0.0218127  0.000551831
0.0231052  0.000490244
0.0244743  0.000435682
0.0259245  0.000387312
0.0274606  0.00034441
0.0290877  0.000306337
0.0308113  0.000272565
0.032637  0.000242591
0.0345708  0.000215942
0.0366193  0.000192245
0.0387891  0.000171167
0.0410875  0.000152415
0.0435221  0.00013573
0.0461009  0.000120882
0.0488326  0.000107665
0.0517261  9.59e-05
0.0547911  8.54256e-05
0.0580377  7.60992e-05
0.0614766  6.77943e-05
0.0651193  6.03984e-05
0.0689779  5.38113e-05
0.0730651  4.79443e-05
0.0773945  4.27183e-05
0.0819804  3.8063e-05
0.086838  3.39158e-05
0.0919835  3.02212e-05
0.0974338  2.69296e-05
0.103207  2.39969e-05
0.109323  2.1384e-05
0.1158  1.90558e-05
0.122662  1.69813e-05
0.12993  1.51328e-05
0.137629  1.34857e-05
0.145784  1.2018e-05
0.154422  1.07101e-05
0.163572  9.54458e-06
0.173265  8.50596e-06
0.183531  7.5804e-06
0.194406  6.75559e-06
